WGS84
13.4007407457 52.519134104 12.0792090446 2639.18148357 938.06742366 02.jpg
13.4007407457 52.519134104 12.0792090446 2335.03526253 1416.73146104 01.jpg
13.4007407457 52.519134104 12.0792090446 2954.28354298 1056.38253788 03.jpg
13.400502446 52.5192511585 16.7021233002 711.233808747 616.364646064 02.jpg
13.400502446 52.5192511585 16.7021233002 766.061642057 1133.00703178 01.jpg
13.400502446 52.5192511585 16.7021233002 185.519721259 722.927978641 03.jpg
13.4004173705 52.5192336575 8.32405083813 90.0929945514 1250.46484441 02.jpg
13.4004173705 52.5192336575 8.32405083813 274.336075215 1688.83006258 01.jpg
13.4005901263 52.5192766032 6.01987954788 1071.43515987 1620.28764965 02.jpg
13.4005901263 52.5192766032 6.01987954788 1044.79343804 1968.37026962 01.jpg
13.4005901263 52.5192766032 6.01987954788 673.910937203 2192.99698513 03.jpg
13.4005156321 52.519218238 17.8525757324 909.785275759 410.707735313 02.jpg
13.4005156321 52.519218238 17.8525757324 940.164982995 982.235336268 01.jpg
13.4005156321 52.519218238 17.8525757324 450.007575046 390.324227487 03.jpg
13.4004176103 52.5192330848 7.02293874603 77.5684214006 1390.15180607 02.jpg
13.4004176103 52.5192330848 7.02293874603 262.697128914 1804.57488108 01.jpg
13.4006787134 52.5192005027 7.65288383514 1883.67195676 1431.14966627 02.jpg
13.4006787134 52.5192005027 7.65288383514 1732.51905135 1811.85622504 01.jpg
13.4006787134 52.5192005027 7.65288383514 1873.63815604 1846.2553769 03.jpg
13.4007440146 52.5192827138 11.6308056349 1733.76829945 1277.24700632 02.jpg
13.4007440146 52.5192827138 11.6308056349 1614.9456869 1653.46220287 01.jpg
13.4007440146 52.5192827138 11.6308056349 1644.07070656 1715.33750023 03.jpg
13.4004451206 52.5192284836 10.7084372006 345.95057254 1016.67442799 02.jpg
13.4004451206 52.5192284836 10.7084372006 481.820403892 1492.39314967 01.jpg
13.4004244224 52.5192315619 15.7178857876 229.244087528 507.094075244 02.jpg
13.4004244224 52.5192315619 15.7178857876 396.58816002 1077.81481889 01.jpg
